plant	fruit perimeter	fruit area	fruit mid-height width	fruit widest width	fruit length mid-width	fruit longest length	fruit shape index external	fruit shape index external 2	proximal fruit end blockiness 5%	distal fruit end blockiness 5%	fruit shape triangle 5%	proximal fruit end blockiness 10%	distal fruit end blockiness 10%	fruit shape triangle 10%	proximal fruit end blockiness 20%	distal fruit end blockiness 20%	fruit shape triangle 20%	proximal fruit end blockiness 30%	distal fruit end blockiness 30%	fruit shape triangle 30%	distal angle micro 2%	distal angle micro 5%	distal angle macro 10%	distal angle macro 15%	distal angle macro 20%	distal angle macro 25%	proximal fruit end height	proximal fruit end angle	proximal fruit end indentation	distal fruit end indentation	distal fruit end protrusion	obovoid	ovoid	vertical asymmetry	horizontal asymmetry obovoid	horizontal asymmetry ovoid	heart shape	fruit shape ellipsoid	fruit shape circular	fruit shape rectangular
03S10-1 test01	76.71	420.72	21.89	21.93	23.63	23.81	1.09	1.08	0.54	0.44	1.23	0.68	0.6	1.13	0.85	0.8	1.07	0.95	0.91	1.04	174.54	163.59	144.11	121.16	98.29	77.48	0	184.45	0	0	0	0	0.17	1.48	0	2.75	0.22	0.99	0.98	0.52
03S10-2 test01	83.24	482.62	26.29	26.36	21.85	22.34	0.85	0.83	0.57	0.48	1.18	0.71	0.63	1.12	0.87	0.82	1.06	0.95	0.92	1.04	175.35	192.37	156.99	140.52	120.76	100.26	0.02	188.67	0	0	0	0	0.15	2.16	0.4	2.9	0.51	0.97	0.96	0.54
03S10-3 test01	57.71	232.42	16.29	16.38	17.33	17.44	1.07	1.06	0.54	0.44	1.22	0.68	0.61	1.12	0.86	0.81	1.06	0.95	0.93	1.02	171.99	163.16	143.87	122.82	102.94	82.33	0	180.99	0	0	0	0.01	0.08	0.64	0.11	1.43	0.16	0.99	0.98	0.53
03S10-4 test01	71.08	360.42	20.7	20.7	20.7	21.25	1.03	1	0.56	0.49	1.14	0.7	0.65	1.08	0.86	0.84	1.02	0.94	0.93	1.01	184.41	82.43	154.56	131.19	107.65	85.23	0.01	190.71	0	0	0	0	0.2	2.71	0	1.96	0.36	0.97	0.99	0.53
03S10-5 test01	85.26	500.51	26.32	26.41	22.27	23.01	0.87	0.85	0.61	0.47	1.31	0.74	0.62	1.19	0.88	0.8	1.1	0.96	0.91	1.06	176.37	172.39	157.04	137.95	116.15	94.6	0.02	196.35	0	0	0	0	0.14	0.94	0	4.53	0.55	0.97	0.97	0.54
03S10-6 test01	67.6	315.39	18.48	18.57	20.73	20.96	1.13	1.12	0.53	0.45	1.19	0.67	0.62	1.09	0.84	0.82	1.03	0.94	0.93	1.02	175.58	189.58	143.19	119.8	97.58	76.44	0.01	185.59	0	0	0	0.03	0.08	1.57	0.16	1.95	0.21	0.99	0.97	0.52
03S10-7 test01	66.84	312.99	18.91	19	20.04	20.34	1.07	1.06	0.57	0.45	1.27	0.7	0.59	1.18	0.87	0.79	1.1	0.96	0.91	1.06	188.02	171.67	142.19	118.18	97.6	78.4	0.01	185.6	0	0	0	0	0.22	0.68	0.11	3.13	0.22	0.98	0.98	0.53
03S10-8 test01	82.17	469.49	19.74	19.87	27.7	28.02	1.4	1.39	0.58	0.44	1.37	0.72	0.62	1.19	0.87	0.82	1.07	0.95	0.93	1.03	157.31	149.58	131.04	102.8	77.93	56.79	0	183.05	0	0	0	0.01	0.14	2.3	0.2	4.7	0.12	0.97	0.91	0.53
03S10-10 test01	65.36	302.96	17.37	17.4	20.93	21.1	1.22	1.21	0.58	0.47	1.23	0.72	0.62	1.17	0.88	0.81	1.09	0.96	0.92	1.04	172.82	170.35	139.92	110.68	86.51	66.27	0	181.37	0	0	0	0	0.16	1.35	0	2.95	0.15	0.98	0.94	0.54
03S10-12 test01	62.85	287.8	17.32	17.36	20.13	20.18	1.17	1.17	0.49	0.47	1.06	0.65	0.62	1.05	0.84	0.82	1.02	0.94	0.93	1.01	174.69	166.98	142.82	117.42	94.74	73.6	0	181.65	0	0	0	0.03	0.1	0.9	0.49	1.33	0.16	0.99	0.96	0.52
03S10-13 test01	66.46	297.96	15.83	15.89	23.58	23.78	1.5	1.49	0.48	0.42	1.14	0.63	0.57	1.11	0.82	0.78	1.05	0.92	0.91	1.01	195.46	157.54	114.42	87.19	69.49	55.59	0	180.76	0	0	0	0.05	0.09	1.87	0.63	2.46	0.1	0.98	0.89	0.49
03S10-15 test01	77.48	416.04	23.32	23.36	21.6	21.96	0.94	0.93	0.58	0.45	1.28	0.71	0.61	1.17	0.86	0.8	1.08	0.95	0.91	1.04	172.18	147.1	151.31	131.44	110.42	90.21	0.01	187.94	0	0	0	0	0.12	1.38	0	3.01	0.35	0.98	0.99	0.53
03S10-16 test01	100.98	697.67	25.94	26.11	32.06	32.77	1.25	1.23	0.6	0.45	1.37	0.72	0.62	1.17	0.86	0.82	1.05	0.93	0.93	1.01	160.97	99.44	141.31	113.41	88.63	63.31	0	184.39	0	0	0	0.19	0.03	2.56	0	5.18	0.19	0.97	0.94	0.55
03S10-17 test01	82.86	488.3	22.81	22.89	25.27	25.76	1.13	1.11	0.6	0.47	1.31	0.75	0.62	1.21	0.89	0.81	1.1	0.96	0.92	1.04	191.77	195.44	144.57	117.59	95.18	72.91	0.01	185.72	0	0	0	0.02	0.18	2.99	0.38	4.85	0.27	0.96	0.96	0.55
03S10-18 test01	102.24	711.02	31.41	31.55	25.38	27.27	0.87	0.81	0.62	0.52	1.21	0.77	0.66	1.18	0.9	0.82	1.1	0.97	0.92	1.06	187.28	149.66	165.62	145.58	120.46	93.46	0.06	208.66	0.01	0	0	0	0.28	5.3	0	7.66	1.27	0.9	0.96	0.56
03S10-19 test01	113.17	849.1	27.77	28.28	36.58	37.68	1.33	1.32	0.68	0.22	3.07	0.83	0.5	1.65	0.96	0.73	1.32	1.01	0.87	1.17	94.44	140.32	130.41	93.76	72.65	57.62	0.02	201.13	0	0	0	0	0.55	1.57	0	21.25	0.62	0.93	0.92	0.53
03S10-20 test01	85.84	522.06	26.44	26.53	22.88	23.69	0.89	0.87	0.61	0.51	1.22	0.74	0.64	1.16	0.89	0.81	1.1	0.97	0.91	1.06	185.42	177.45	162.27	140.6	115.68	91.2	0.03	194.65	0	0	0	0	0.27	2.77	0	4.55	0.64	0.96	0.98	0.55
03S10-22 test01	70.87	345.83	21.62	21.65	19.37	19.6	0.91	0.9	0.57	0.45	1.26	0.7	0.62	1.14	0.86	0.8	1.07	0.95	0.91	1.04	177.23	140.41	155.09	136.36	114.88	94.66	0.01	183.99	0	0	0	0	0.12	1.01	0	2.11	0.29	0.99	0.98	0.53
03S10-23 test01	65.84	310.23	19.24	19.28	19.92	20.1	1.04	1.04	0.53	0.43	1.24	0.67	0.59	1.14	0.85	0.8	1.06	0.94	0.91	1.04	172.45	161.14	143.9	124.58	104.22	83.71	0	181.94	0	0	0	0.01	0.11	1.37	0.04	2.34	0.16	0.99	0.99	0.51
03S10-24 test01	58.02	245.98	17.93	17.97	16.41	16.52	0.92	0.92	0.56	0.48	1.16	0.69	0.62	1.11	0.86	0.8	1.07	0.95	0.91	1.04	175.82	195.92	157.3	136.89	111.97	90.08	0	180.83	0	0	0	0	0.16	0.81	0	1.52	0.17	0.99	0.99	0.53
03S10-25 test01	68.92	342.9	21.54	21.57	19.16	19.38	0.9	0.89	0.56	0.46	1.21	0.69	0.62	1.12	0.85	0.81	1.06	0.95	0.92	1.03	174.8	173.13	156.53	138.26	116.3	94.6	0.01	185.65	0	0	0	0.02	0.14	0.81	0.13	1.88	0.22	0.99	0.98	0.53
03S10-26 test01	56.58	234.51	16.77	16.79	17.09	17.19	1.03	1.03	0.53	0.41	1.31	0.68	0.57	1.18	0.85	0.78	1.09	0.94	0.91	1.04	168.03	161.58	141.4	123.24	104.16	84.83	0	182.29	0	0	0	0	0.12	0.38	0	1.94	0.19	0.99	0.99	0.51
03S10-27 test01	78.85	414.8	18.37	18.46	27.21	27.4	1.49	1.48	0.59	0.43	1.41	0.74	0.61	1.23	0.89	0.81	1.09	0.96	0.92	1.04	158.76	142.52	121.04	94.82	70.74	52.24	0	181.97	0	0	0	0.02	0.12	2.03	0	5.04	0.17	0.97	0.89	0.53
03S10-28 test01	77.1	403.06	21.43	21.54	22.29	22.86	1.06	1.04	0.59	0.49	1.22	0.73	0.62	1.17	0.88	0.8	1.1	0.96	0.91	1.06	207.11	185.72	153.16	121.85	95.06	75.09	0.01	183.67	0	0	0	0	0.17	1.18	0	3.83	0.23	0.97	0.98	0.54
03S10-29 test01	83.85	480.36	20.94	21.04	28.33	28.41	1.35	1.35	0.51	0.46	1.1	0.64	0.64	1.01	0.8	0.84	0.96	0.91	0.95	0.96	169.66	157.47	132.7	106.91	84.07	63.24	0	180.69	0	0	0	0.12	0.03	2.2	3.21	1.19	0.03	0.98	0.92	0.5
03S10-30 test01	79.13	426.79	20.04	20.19	25.92	25.99	1.29	1.29	0.55	0.46	1.2	0.69	0.63	1.09	0.85	0.84	1.01	0.93	0.95	0.98	171.6	157.55	134.91	111.35	88.45	66.84	0	180.33	0	0	0	0.09	0.03	1.13	1.48	1.3	0.07	0.98	0.93	0.53
03S10-31 test01	83.27	458.73	24.4	24.55	22.15	22.99	0.94	0.91	0.61	0.44	1.4	0.73	0.6	1.23	0.88	0.79	1.11	0.96	0.9	1.06	172.5	163.7	149.1	130.22	109.82	89.82	0.02	196.42	0.01	0	0	0	0.21	1.8	0	5.04	0.52	0.96	0.99	0.53
03S10-32 test01	89.85	556.72	24.62	24.72	26.67	27.28	1.1	1.08	0.59	0.46	1.29	0.73	0.62	1.17	0.87	0.82	1.06	0.95	0.93	1.02	174.2	166.58	143.63	121.64	99.61	77.2	0.02	189.47	0	0	0	0	0.15	1.71	0	4	0.44	0.98	0.97	0.54
03S10-34 test01	88.98	530.01	20.8	20.87	31.75	32.32	1.55	1.53	0.55	0.24	2.38	0.71	0.47	1.5	0.87	0.74	1.17	0.95	0.89	1.06	100.34	121.64	110.97	90.85	72.61	55.32	0	181.64	0	0	0	0.03	0.16	2.42	0	10.06	0.16	0.98	0.89	0.5
03S10-35 test01	88.68	505.64	18.71	18.75	32.04	32.44	1.73	1.71	0.65	0.38	1.78	0.79	0.59	1.36	0.91	0.81	1.13	0.95	0.93	1.03	148.88	114.94	111.63	84.37	60.43	43.19	0	184.01	0	0	0	0.03	0.08	2.76	0	8.75	0.21	0.94	0.86	0.54
03S10-37 test01	61.44	267.64	18.53	18.57	17.84	17.97	0.97	0.96	0.51	0.46	1.11	0.66	0.61	1.08	0.84	0.8	1.05	0.94	0.92	1.03	174.22	168.54	152.96	132.04	109.99	89.01	0	185.6	0	0	0	0	0.13	0.77	0.07	0.93	0.19	0.99	0.99	0.52
03S10-38 test01	63.26	282.28	19.64	19.69	17.08	17.45	0.89	0.87	0.58	0.48	1.22	0.71	0.62	1.15	0.86	0.8	1.08	0.95	0.91	1.04	175.5	151.86	157.44	136.73	115.58	94.21	0.01	186.32	0	0	0	0	0.17	1.05	0	2.09	0.24	0.98	0.98	0.53
03S10-39 test01	68.24	333.64	21.12	21.18	19	19.37	0.92	0.9	0.58	0.46	1.25	0.7	0.61	1.15	0.86	0.8	1.08	0.95	0.91	1.04	175.05	189.93	155.86	136.3	114.05	92.84	0.01	189.66	0	0	0	0	0.17	0.96	0	2.47	0.41	0.98	0.99	0.53
03S10-40 test01	86.72	516.14	22.4	22.5	28.7	28.78	1.28	1.28	0.53	0.37	1.45	0.68	0.54	1.25	0.85	0.77	1.11	0.94	0.9	1.05	163.49	143.44	121.65	102.2	84.85	67.88	0	181.42	0	0	0	0	0.11	1.31	0	5.57	0.16	0.99	0.94	0.5
03S10-41 test01	88.36	508.24	22.63	22.69	25.58	27.27	1.2	1.13	0.57	0.53	1.08	0.7	0.66	1.06	0.86	0.83	1.04	0.95	0.93	1.03	295.54	235.85	169.45	125.32	93.04	70.42	0	183.12	0	0	0	0	0.18	1.8	0	2.39	0.18	0.97	0.95	0.54
03S10-42 test01	56.74	224.5	16.25	16.32	17.19	17.32	1.06	1.06	0.48	0.43	1.11	0.64	0.59	1.08	0.82	0.79	1.04	0.93	0.91	1.03	171.71	164.23	143.78	121.72	99.93	81.52	0	182.07	0	0	0	0	0.12	0.81	0.35	1.02	0.13	0.99	0.99	0.5
03S10-43 test01	92.17	569.32	22.2	22.31	31.45	31.93	1.43	1.42	0.62	0.34	1.85	0.74	0.53	1.42	0.88	0.75	1.17	0.96	0.89	1.08	156.46	131.17	110.91	90.55	72.72	57.32	0.01	184.93	0	0	0	0	0.22	2.59	0	10.13	0.26	0.97	0.9	0.51
03S10-44 test01	75.52	399.81	20.71	20.81	24.19	24.35	1.17	1.17	0.54	0.37	1.47	0.68	0.54	1.26	0.85	0.77	1.11	0.94	0.9	1.05	159.52	148.44	129.41	111.78	92.96	74.45	0	180.56	0	0	0	0	0.2	1.54	0	4.69	0.15	0.99	0.96	0.5
03S10-45 test01	71.05	350.56	21.64	21.73	19.44	19.86	0.91	0.9	0.58	0.46	1.26	0.71	0.61	1.16	0.87	0.79	1.09	0.95	0.91	1.05	175.14	171.58	153.46	133.16	111.65	91.76	0.01	189.72	0	0	0	0	0.23	1	0.02	3	0.34	0.98	0.98	0.53
03S10-46 test01	61.54	254.81	15.91	15.97	20.09	20.24	1.27	1.27	0.54	0.36	1.55	0.68	0.53	1.29	0.86	0.77	1.12	0.95	0.9	1.06	156.88	146.19	124.02	104.07	86.92	69.28	0	180.9	0	0	0	0	0.14	1.08	0	3.94	0.14	0.99	0.94	0.5
03S10-47 test01	80.77	451.46	24.84	24.92	21.48	22.13	0.89	0.87	0.61	0.47	1.31	0.73	0.62	1.19	0.88	0.8	1.1	0.96	0.91	1.05	175.54	169.29	156.05	136.91	114.99	93.18	0.03	191.98	0	0	0	0	0.21	1.14	0	4.27	0.64	0.97	0.98	0.54
03S10-48 test01	85.91	520.17	25.26	25.39	25.13	25.36	1	0.99	0.58	0.44	1.33	0.71	0.59	1.2	0.87	0.78	1.11	0.96	0.9	1.07	171.13	166.54	146.06	123.94	102.93	83.72	0.01	185.22	0	0	0	0	0.28	1.12	0	4.84	0.29	0.98	0.99	0.52
03S10-49 test01	92.05	569.81	22.55	22.67	30.64	31.22	1.38	1.36	0.59	0.36	1.72	0.73	0.55	1.34	0.87	0.79	1.1	0.94	0.91	1.03	145.55	135.81	124.43	101.45	80.69	59.87	0	183.36	0	0	0	0.01	0.11	3.38	0	7.83	0.18	0.97	0.91	0.51
03S10-50 test01	66.52	318.06	20.45	20.48	19.05	19.13	0.93	0.93	0.55	0.47	1.17	0.68	0.62	1.1	0.85	0.81	1.05	0.94	0.92	1.03	174.83	168.35	155.41	136.28	113.51	92.05	0	183.2	0	0	0	0	0.13	1.01	0	1.35	0.2	0.99	0.99	0.52
03S10-52 test01	87.87	530.38	23.25	23.45	27.72	28.01	1.19	1.19	0.58	0.43	1.37	0.72	0.58	1.25	0.89	0.78	1.14	0.97	0.9	1.08	180.1	162.72	130.49	105.12	85.14	67.61	0	184.89	0	0	0	0	0.28	1.74	0	6.87	0.18	0.98	0.95	0.52
03S10-53 test01	114.51	860.93	25.6	25.99	39.91	40.68	1.56	1.56	0.66	0.37	1.78	0.82	0.54	1.54	0.95	0.76	1.25	0.99	0.89	1.12	158.62	127.8	100.76	79.29	63.16	47.8	0.01	191.21	0	0	0	0	0.44	4.04	0	18.26	0.45	0.92	0.88	0.53
03S10-54 test01	92.06	593.59	27.53	27.61	25.74	26.29	0.95	0.94	0.61	0.45	1.33	0.73	0.61	1.19	0.87	0.8	1.09	0.95	0.91	1.04	175.08	168.32	151.2	131.43	109.52	87.67	0.02	191.74	0	0	0	0	0.14	2.04	0	4.75	0.46	0.97	0.99	0.53
03S10-55 test01	66.56	297.23	17.62	17.68	20.49	20.66	1.17	1.16	0.56	0.47	1.19	0.7	0.62	1.12	0.85	0.82	1.04	0.94	0.92	1.02	174.08	142.58	143.91	116.34	92.33	71.99	0	183.09	0	0	0	0.04	0.03	0.86	0.41	1.64	0.14	0.98	0.96	0.53
03S10-56 test01	74.31	379.96	22.98	23.04	19.51	19.99	0.87	0.85	0.62	0.47	1.32	0.74	0.63	1.18	0.88	0.8	1.09	0.96	0.91	1.05	176.28	174.09	159.76	139.68	117.28	95.64	0.02	189.1	0	0	0	0	0.21	1.49	0	3.41	0.45	0.97	0.97	0.55
03S10-57 test01	62.21	265.52	19.08	19.17	16.86	17.01	0.89	0.89	0.57	0.46	1.26	0.7	0.61	1.16	0.86	0.8	1.08	0.95	0.91	1.04	176.26	171.14	156.57	137.11	115.14	94.88	0.01	183.84	0	0	0	0	0.14	0.59	0	1.92	0.27	0.99	0.98	0.53
03S10-59 test01	77.5	419.66	22.26	22.35	22.42	22.74	1.02	1.01	0.6	0.48	1.25	0.73	0.63	1.16	0.88	0.82	1.08	0.96	0.92	1.04	178.68	173.65	150.93	127.84	104.31	82.29	0.01	184.32	0	0	0	0.01	0.17	0.92	0	3.07	0.31	0.98	0.99	0.55
03S10-60 test01	65.12	297.11	19.95	20.06	18.06	18.21	0.91	0.91	0.58	0.44	1.32	0.71	0.59	1.2	0.87	0.78	1.11	0.95	0.9	1.06	174.24	191.68	151.06	132.87	111.16	90.7	0.01	182.75	0	0	0	0	0.19	0.87	0	3.14	0.24	0.98	0.98	0.52
03S10-62 test01	73.26	372.73	21.18	21.32	20.78	21.03	0.99	0.98	0.6	0.51	1.18	0.72	0.66	1.1	0.87	0.83	1.05	0.95	0.93	1.02	180.51	173.61	156.43	134.31	108.72	83.25	0.01	188.4	0	0	0	0	0.16	1.51	0.32	2.57	0.32	0.98	0.99	0.54
03S10-63 test01	83.73	465.65	21.31	21.41	26.93	27.21	1.27	1.27	0.55	0.4	1.38	0.68	0.58	1.17	0.84	0.8	1.05	0.93	0.92	1.01	161.07	151.41	128.77	107.62	87.19	68.91	0.01	183.73	0	0	0	0.02	0.08	1.42	0	3.51	0.25	0.99	0.94	0.52
03S10-64 test01	61.08	260.51	17.12	17.17	18.64	18.78	1.1	1.09	0.53	0.45	1.18	0.67	0.6	1.11	0.85	0.8	1.06	0.95	0.91	1.04	172.43	163.91	143.8	120.6	98.23	78.35	0	182.14	0	0	0	0	0.13	0.48	0	1.28	0.15	0.99	0.98	0.52
03S10-65 test01	94.98	616.73	28.29	28.48	25.43	26.35	0.93	0.9	0.62	0.45	1.41	0.75	0.6	1.25	0.89	0.79	1.14	0.97	0.9	1.08	174.81	167.05	150.72	130.69	108.87	88.43	0.03	193.83	0	0	0	0	0.28	2.02	0	6.99	0.75	0.96	0.98	0.54
03S10-66 test01	71.27	353.89	21.52	21.53	19.86	20.1	0.93	0.92	0.56	0.47	1.19	0.69	0.62	1.12	0.85	0.8	1.07	0.95	0.91	1.04	178.12	171.03	155.45	135.57	111.41	89.83	0.01	184.28	0	0	0	0	0.16	0.82	0	1.93	0.27	0.99	0.99	0.53
03S10-67 test01	88.38	537.76	24.07	24.14	27.32	27.59	1.14	1.14	0.56	0.44	1.26	0.69	0.6	1.14	0.84	0.8	1.05	0.94	0.92	1.02	175.16	160.96	139.74	115.57	94.86	74.83	0.01	184.8	0	0	0	0.05	0.09	1.63	0	3.15	0.23	0.99	0.96	0.52
03S10-68 test01	89.48	522.44	19.55	19.62	32.89	33.01	1.69	1.69	0.53	0.43	1.22	0.68	0.62	1.11	0.84	0.84	0.99	0.92	0.95	0.97	162.82	139.43	110.5	86.45	65.17	46.94	0	180.38	0	0	0	0.11	0	2.44	1.98	3.5	0.08	0.97	0.86	0.51
03S10-69 test01	81.52	454.37	20.96	21.1	26.95	27.08	1.29	1.29	0.47	0.47	1	0.62	0.64	0.96	0.8	0.84	0.95	0.91	0.94	0.96	174.34	163.52	138.21	111.92	88.33	67.24	0	181.14	0	0	0	0.13	0.02	1.16	2.64	0.26	0.01	0.99	0.93	0.51
03S10-70 test01	81.29	444.33	23.8	23.91	22.52	22.9	0.96	0.95	0.58	0.45	1.32	0.71	0.6	1.18	0.86	0.8	1.08	0.95	0.91	1.04	170.73	165.99	149.27	131.06	109.91	88.98	0.01	188.68	0	0	0	0.02	0.16	1.4	0.18	3.71	0.27	0.98	0.99	0.53
03S10-71 test01	82.33	471.04	21.4	21.45	26.71	26.92	1.25	1.25	0.56	0.46	1.23	0.71	0.61	1.16	0.87	0.8	1.09	0.95	0.91	1.05	178.73	167.88	134.41	104.92	82.54	63.24	0	184.33	0	0	0	0	0.2	1.91	0	4.38	0.2	0.98	0.94	0.53
03S10-73 test01	58.8	248.19	17.55	17.61	16.93	17.09	0.97	0.96	0.57	0.48	1.2	0.72	0.63	1.14	0.87	0.81	1.08	0.96	0.92	1.04	175.91	172.17	153.86	132.32	108.63	86.85	0	184.72	0	0	0	0.01	0.22	0.91	0	2.04	0.21	0.98	0.99	0.54
03S10-74 test01	72.56	333.3	19.56	19.64	21.25	21.34	1.09	1.09	0.48	0.47	1.03	0.64	0.61	1.04	0.83	0.79	1.04	0.94	0.91	1.03	177.45	166.88	145.36	119.97	99.08	78.95	0	180	0	0	0	0	0.07	0.91	0	0.98	0.11	0.99	0.98	0.51
03S10-75 test01	85.1	504.62	25.97	26.05	23.46	23.84	0.92	0.9	0.59	0.45	1.3	0.72	0.6	1.19	0.87	0.79	1.1	0.95	0.9	1.06	176.87	147.73	153.81	133.62	110.95	90.94	0.01	187.41	0	0	0	0	0.15	1.13	0	4.21	0.26	0.98	0.98	0.53
03S10-76 test01	72.54	375.79	22.49	22.57	19.55	19.93	0.89	0.87	0.62	0.47	1.33	0.75	0.62	1.21	0.89	0.8	1.12	0.96	0.91	1.06	174.8	171.87	157	138.19	114.94	92.2	0.01	187.13	0	0	0	0	0.24	1.81	0	4.11	0.33	0.96	0.98	0.54
03S10-77 test01	90.72	564.93	28.18	28.29	23.66	24.28	0.86	0.84	0.61	0.47	1.3	0.74	0.63	1.17	0.88	0.81	1.09	0.96	0.92	1.05	176.02	169.89	158.83	141.64	119.82	97.07	0.02	189.26	0	0	0	0	0.15	1.37	0	4.21	0.47	0.97	0.97	0.55
03S10-78 test01	84.94	454.14	18.97	19.56	28.45	28.87	1.48	1.5	0.66	0.38	1.74	0.81	0.55	1.46	0.96	0.77	1.24	1.02	0.89	1.15	162.6	137.19	107.64	85.76	66.63	48.88	0.01	185.93	0	0	0	0	0.58	2.26	0	12.77	0.28	0.94	0.89	0.53
03S10-79 test01	91.29	517.84	19.45	19.61	29.63	31.02	1.58	1.52	0.6	0.54	1.27	0.75	0.78	0.97	0.9	0.91	0.98	0.95	0.97	0.98	216.29	241.8	172.26	115.93	72.31	44.29	0	181.86	0	0	0	0.14	0.08	2.26	5.17	0	0	0.9	0.88	0.6
03S10-80 test01	90.1	557.47	23.88	24.06	27.89	28.78	1.2	1.17	0.66	0.34	1.98	0.79	0.52	1.54	0.92	0.75	1.23	0.98	0.89	1.1	160.62	139.81	121.66	106.1	88.38	69.84	0.02	196.05	0	0	0	0	0.26	2.25	0	11.7	0.56	0.94	0.95	0.53
03S10-81 test01	87.34	533.29	24.26	24.43	26.37	26.75	1.09	1.09	0.56	0.42	1.34	0.71	0.59	1.2	0.87	0.8	1.1	0.96	0.92	1.05	171.23	159.26	140.2	118.97	98.05	77.86	0	189.56	0	0	0	0	0.19	2.18	0	4.67	0.23	0.98	0.98	0.52
03S10-82 test01	66.39	305.87	19.55	19.6	19.17	19.35	0.99	0.98	0.53	0.45	1.18	0.68	0.6	1.12	0.85	0.8	1.06	0.94	0.91	1.04	175.61	168.39	150.08	128.16	106.81	86.69	0	182.99	0	0	0	0	0.06	0.57	0	1.61	0.2	0.99	0.99	0.52
03S10-84 test01	61.63	256.68	17.16	17.26	18.02	18.2	1.06	1.05	0.57	0.47	1.23	0.71	0.62	1.15	0.87	0.8	1.08	0.95	0.91	1.04	176.4	167.77	148.28	124.56	99.49	77.3	0	182.7	0	0	0	0	0.15	0.71	0.05	2.13	0.15	0.98	0.98	0.54
03S10-85 test01	56.67	231.47	17.17	17.19	16.55	16.72	0.97	0.97	0.53	0.46	1.15	0.67	0.61	1.1	0.84	0.8	1.05	0.94	0.91	1.03	178.22	128.6	150.69	129.28	107.54	88.37	0	180.54	0	0	0	0	0.15	0.88	0.27	1.11	0.18	0.99	0.99	0.52
03S10-86 test01	68.93	332.13	17.82	17.91	22.01	22.18	1.24	1.24	0.66	0.44	1.49	0.79	0.6	1.31	0.92	0.82	1.12	0.98	0.93	1.05	168.97	159.27	133.35	107.32	85.36	64.61	0.01	185.13	0	0	0	0	0.39	0.31	0	5.46	0.28	0.97	0.94	0.56
03S10-87 test01	69.9	343.42	20.74	20.76	20.2	20.42	0.98	0.97	0.56	0.46	1.23	0.69	0.61	1.14	0.85	0.79	1.08	0.94	0.91	1.04	171.79	169.4	151.78	128.61	105.02	84.92	0.01	183.25	0	0	0	0	0.09	0.78	0	2.28	0.27	0.99	1	0.52
03S10-88 test01	85.22	467.76	19.3	19.52	29.18	29.39	1.51	1.51	0.6	0.46	1.31	0.72	0.63	1.14	0.83	0.84	0.99	0.91	0.95	0.96	158.55	156.04	126.85	95.13	71.41	52.71	0	180.84	0	0	0	0.12	0	1.8	2.82	2.6	0.09	0.97	0.89	0.54
03S10-89 test01	67.14	324.79	21.32	21.34	18.15	18.39	0.86	0.85	0.59	0.49	1.19	0.72	0.64	1.13	0.87	0.81	1.07	0.95	0.91	1.04	176.52	175.28	161.4	143.53	119.73	97.09	0.01	183.98	0	0	0	0	0.12	0.77	0.01	2.02	0.22	0.98	0.97	0.54
03S10-90 test01	67.03	313.23	20.13	20.25	18.66	19	0.94	0.93	0.6	0.46	1.3	0.73	0.61	1.19	0.88	0.8	1.1	0.96	0.91	1.06	176.14	170.18	153.83	132.15	108.33	88.53	0.01	186.4	0	0	0	0.02	0.14	1.14	0	3.27	0.32	0.98	0.99	0.53
03S10-91 test01	85.26	498.32	23.1	23.17	26.67	26.82	1.16	1.16	0.54	0.4	1.35	0.69	0.58	1.19	0.85	0.79	1.08	0.94	0.91	1.04	168.77	155.8	135.46	114.02	92.83	73.61	0	182.33	0	0	0	0.02	0.12	1.03	0	4.13	0.18	0.99	0.96	0.52
03S10-92 test01	77.21	406.68	19.05	19.12	27.38	27.45	1.44	1.44	0.43	0.39	1.11	0.58	0.57	1	0.78	0.81	0.96	0.9	0.93	0.97	162.47	141.53	117.72	99.45	80.8	61.74	0	180	0	0	0	0.1	0	0.84	2.22	0	0	0.99	0.91	0.48
03S10-93 test01	91.69	563.78	21.79	21.88	32.05	32.15	1.47	1.47	0.5	0.46	1.09	0.64	0.62	1.03	0.81	0.83	0.98	0.92	0.94	0.98	175.4	157	122.94	96.31	74.96	55.59	0	180.11	0	0	0	0.07	0.01	1.64	2.5	0.94	0.03	0.99	0.9	0.51
03S10-94 test01	68.35	329.5	18.76	18.87	21.54	21.64	1.15	1.15	0.53	0.44	1.21	0.67	0.61	1.11	0.85	0.81	1.05	0.95	0.92	1.03	171.61	161.96	141.56	119.79	98.22	78	0	181.02	0	0	0	0.01	0.1	0.84	0	1.71	0.15	0.99	0.96	0.52
03S10-96 test01	65.18	287.57	18.14	18.26	19.16	19.33	1.06	1.06	0.56	0.45	1.25	0.7	0.61	1.15	0.87	0.81	1.07	0.96	0.92	1.04	172.81	166.27	145.5	124.24	102.61	80.75	0	183.16	0	0	0	0.01	0.11	0.98	0	2.18	0.2	0.98	0.98	0.53
03S10-97 test01	96.69	639.28	25.42	25.48	30.3	30.69	1.21	1.19	0.56	0.48	1.18	0.69	0.64	1.09	0.85	0.83	1.02	0.94	0.94	1	201.39	162.87	139.14	114.94	91.43	71.26	0.01	187.01	0	0	0	0.03	0.09	1.35	0.54	2.7	0.25	0.99	0.95	0.54
03S10-98 test01	91.64	568.34	27.56	27.75	24.47	25.2	0.91	0.89	0.6	0.47	1.29	0.73	0.62	1.18	0.88	0.8	1.11	0.96	0.91	1.06	177.33	191.42	156.01	134.94	112.6	90.49	0.02	193.48	0	0	0	0	0.14	2.77	0	5.08	0.45	0.97	0.98	0.53
03S10-99 test01	95.06	509.82	17.05	17.31	36.88	37.71	2.18	2.16	0.65	0.27	2.43	0.79	0.43	1.81	0.9	0.7	1.29	0.97	0.87	1.12	102.97	84.59	69.77	61.8	52.58	40.48	0	180.18	0	0	0	0.01	0.18	3.45	0	18.94	0.17	0.93	0.81	0.49
03S10-101 test01	78.35	410.82	24.01	24.14	20.22	20.79	0.86	0.84	0.6	0.47	1.3	0.73	0.62	1.18	0.88	0.8	1.09	0.96	0.91	1.05	176.32	174.78	159.67	141.61	118.94	96.07	0.02	192.01	0	0	0	0	0.17	1.81	0	3.65	0.47	0.97	0.97	0.54
03S10-102 test01	61.27	266.52	17.96	17.98	18.37	18.47	1.03	1.02	0.48	0.47	1.04	0.64	0.62	1.05	0.83	0.8	1.03	0.93	0.92	1.02	172.04	172.08	153.53	128.7	103.47	83.14	0	175.79	0	0	0	0	0.14	0.67	0.14	0.77	0.11	0.99	0.99	0.51
03S10-103 test01	95.77	607.47	26.36	26.43	28	28.41	1.07	1.06	0.56	0.45	1.24	0.69	0.61	1.13	0.85	0.81	1.05	0.94	0.92	1.02	174.05	161.77	145.93	122.8	101.88	80.66	0.01	188.62	0	0	0	0	0.08	1.36	0	3.14	0.29	0.99	0.98	0.53
03S10-104 test01	59.55	256.28	18.44	18.44	16.83	17.03	0.92	0.91	0.54	0.48	1.15	0.68	0.62	1.11	0.85	0.81	1.06	0.94	0.92	1.03	177.14	167.57	158.18	136.19	113.07	93.9	0.01	183.51	0	0	0	0.01	0.18	0.5	0.05	1.29	0.22	0.99	0.99	0.53
03S10-106 test01	87.75	513.95	21.39	21.59	29.52	29.77	1.38	1.38	0.5	0.47	1.09	0.65	0.64	1.02	0.82	0.84	0.98	0.91	0.94	0.96	183.19	159.88	129.8	102.74	79.69	59.59	0	183.75	0	0	0	0.07	0	3.26	3.96	0.99	0.07	0.98	0.91	0.5
03S10-107 test01	83.27	494.29	23.51	23.63	25.46	25.74	1.09	1.09	0.57	0.45	1.27	0.71	0.6	1.19	0.88	0.79	1.1	0.96	0.91	1.06	177.12	162.44	141.01	118.18	95.13	76.05	0	183.38	0	0	0	0	0.22	2.04	0	4.52	0.2	0.98	0.97	0.52
03S10-108 test01	88.51	542.06	22.72	22.82	29.75	30	1.32	1.31	0.51	0.39	1.33	0.67	0.57	1.18	0.84	0.78	1.08	0.94	0.9	1.04	156.3	143.39	125.78	102.34	81.05	62.59	0	182.71	0	0	0	0	0.14	2.35	0	4.71	0.18	0.99	0.93	0.5
03S10-109 test01	67.47	324.6	20.32	20.36	19.42	19.61	0.97	0.96	0.56	0.45	1.23	0.7	0.6	1.16	0.86	0.79	1.1	0.95	0.91	1.05	173.83	167.76	152.24	129.27	106.35	86.36	0.01	184.97	0	0	0	0	0.26	0.5	0	2.69	0.26	0.99	0.99	0.53
03S10-110 test01	56.39	228	17.58	17.6	15.75	16	0.91	0.9	0.52	0.46	1.15	0.68	0.61	1.12	0.85	0.8	1.06	0.94	0.92	1.03	175.81	170.41	154.52	136.75	115.07	94.1	0.01	184.58	0	0	0	0.03	0.18	1.39	0.05	1.72	0.22	0.98	0.98	0.52
03S10-111 test01	60.66	265.98	17.5	17.55	18.46	18.65	1.06	1.06	0.54	0.47	1.16	0.67	0.62	1.09	0.85	0.82	1.05	0.95	0.92	1.03	171.76	170.71	144.45	122.16	102.14	80.8	0.01	187.98	0	0	0	0	0.19	0.27	0	1.08	0.33	0.99	0.98	0.53
03S10-112 test01	71.44	352.61	18.3	18.37	22.6	23.15	1.27	1.24	0.55	0.53	1.04	0.68	0.67	1.03	0.84	0.84	1	0.93	0.94	0.98	222.56	174.18	147.26	113.06	85.43	64.02	0	184.9	0	0	0	0.03	0.09	1.92	2.11	0.71	0.1	0.97	0.93	0.53
03S10-113 test01	79.1	444.58	23.3	23.32	22.68	23.04	0.99	0.97	0.58	0.5	1.18	0.72	0.65	1.12	0.87	0.82	1.06	0.96	0.93	1.03	178.2	172.8	155.59	133.27	108.13	85.42	0.01	186.19	0	0	0	0	0.12	1.42	0	2.69	0.35	0.98	0.99	0.55
03S10-114 test01	78.22	426.99	23.62	23.72	21.79	22.2	0.94	0.92	0.55	0.46	1.2	0.69	0.61	1.13	0.85	0.8	1.06	0.94	0.92	1.03	174.93	170.7	152.74	132.72	111.97	90.45	0.01	188.06	0	0	0	0.01	0.19	1.11	0	2.42	0.36	0.99	0.99	0.53
03S10-115 test01	72.03	365.08	22.75	22.78	19.2	19.6	0.86	0.84	0.58	0.49	1.2	0.71	0.63	1.11	0.86	0.81	1.06	0.95	0.92	1.04	175.83	151.97	160.41	142.78	120.9	97.43	0.02	189.39	0	0	0	0	0.18	1.17	0	2.02	0.53	0.98	0.97	0.54
03S10-116 test01	80.83	399.66	16.68	16.88	27.53	28.15	1.67	1.65	0.64	0.58	1.12	0.79	0.71	1.11	0.91	0.84	1.09	0.98	0.92	1.07	264.58	225.44	147.62	93.01	58.02	36.86	0	182.15	0	0	0	0	0.3	2.91	0.51	5.18	0.16	0.91	0.86	0.57
03S10-118 test01	64.89	302.5	18.2	18.26	19.94	20.11	1.1	1.1	0.6	0.48	1.25	0.73	0.62	1.17	0.88	0.81	1.09	0.96	0.92	1.05	176.34	170.84	146.35	119.16	95.77	74.96	0	183.22	0	0	0	0	0.23	0.96	0.13	2.85	0.18	0.98	0.97	0.54
03S10-119 test01	65.94	313.08	19.46	19.54	19.49	19.65	1.01	1	0.54	0.48	1.13	0.68	0.63	1.09	0.85	0.81	1.05	0.95	0.92	1.03	184.82	196.04	154.09	129.78	104.87	83.24	0	181.08	0	0	0	0	0.18	1.33	0.07	1.54	0.15	0.99	0.99	0.52
03S10-121 test01	104.52	777.75	28.42	28.52	32.95	33.25	1.16	1.15	0.58	0.46	1.27	0.71	0.62	1.14	0.86	0.82	1.05	0.95	0.93	1.02	171.58	130.47	143.16	119.55	94.18	71.93	0.01	183.5	0	0	0	0.02	0.04	2.49	0	4.2	0.24	0.98	0.96	0.53
03S10-122 test01	64.53	271.43	14.52	14.65	23.09	23.47	1.6	1.59	0.59	0.25	2.42	0.74	0.47	1.61	0.88	0.72	1.23	0.95	0.88	1.09	118.19	95.88	108.19	87.31	67.48	54.06	0	180.37	0	0	0	0	0.16	1.62	0	8.82	0.15	0.95	0.88	0.49
03S10-124 test01	101.6	689.02	23.03	23.2	35.64	35.9	1.55	1.55	0.59	0.48	1.25	0.74	0.64	1.14	0.87	0.85	1.03	0.94	0.96	0.98	166.9	154.56	120.37	92.4	68.74	51.55	0	181.94	0	0	0	0.16	0.03	3.21	2.83	3.82	0.1	0.96	0.88	0.54
03S10-125 test01	63.11	259.88	16.09	16.26	20.07	20.07	1.23	1.25	0.5	0.44	1.14	0.66	0.59	1.12	0.85	0.81	1.06	0.95	0.93	1.02	176.12	152.19	131.93	110.5	90.62	71.61	0	180	0	0	0	0	0.22	0.92	0	1.23	0.12	0.99	0.95	0.52
03S10-126 test01	58.67	238.02	15.18	15.24	19.29	19.46	1.28	1.27	0.48	0.46	1.03	0.64	0.62	1.04	0.83	0.82	1.02	0.94	0.92	1.01	180.85	165.05	135.89	106.64	85.09	65.18	0	180.55	0	0	0	0	0.08	0.88	0.52	1.09	0.08	0.99	0.94	0.51
03S10-127 test01	76.57	397.96	19.09	19.16	24.84	25.42	1.33	1.31	0.57	0.49	1.17	0.7	0.64	1.09	0.84	0.83	1.02	0.93	0.93	1	235.48	196.27	144.04	105.59	81.04	60.97	0.01	183.82	0	0	0	0.01	0.11	2.28	1.32	2.84	0.16	0.97	0.92	0.52
03S10-128 test01	68.61	339.33	21.33	21.31	19.47	19.61	0.92	0.91	0.54	0.47	1.14	0.68	0.62	1.1	0.85	0.81	1.05	0.94	0.92	1.02	177.7	168.34	156.53	136.92	114.3	93.03	0	182.8	0	0	0	0	0.14	0.93	0	1.41	0.21	0.99	0.99	0.53
03S10-129 test01	61.76	272.53	18.15	18.19	18.44	18.51	1.02	1.02	0.54	0.44	1.24	0.68	0.6	1.14	0.85	0.79	1.08	0.95	0.91	1.04	174.96	169.43	144.88	123.59	103.58	84.27	0	182.81	0	0	0	0	0.1	0.9	0	2	0.18	0.99	0.99	0.52
03S10-130 test01	76.02	416.5	22.49	22.53	22.68	22.94	1.02	1.01	0.53	0.44	1.21	0.68	0.6	1.13	0.85	0.79	1.07	0.94	0.91	1.03	171.63	164.36	145.42	125.64	104.68	84.31	0	184.97	0	0	0	0	0.12	1.4	0.64	2.37	0.18	0.99	0.99	0.51
